9.94431715243900e+00
1.01478791448871e+01
1.01179293578724e+01
1.46740528209505e+01
1.81978675351649e+01
2.30354223808801e+01
3.27906268800585e+01
4.30887278723401e+01
5.33982183598902e+01
6.67363033166125e+01
7.71790939425382e+01
7.06814344079440e+01
9.41316578524580e+01
9.02679792052925e+01
9.20332960100492e+01
8.64468817133230e+01
6.88484713348657e+01
1.14604602205679e+02
9.08882135863347e+01
7.48104928016229e+01
8.37198790487567e+01
1.12047999255690e+02
7.45136774291235e+01
4.55210462581538e+01
1.19109065874771e+02
8.88058863729771e+01
9.39320239780306e+01
9.07287708397758e+01
8.88867156963871e+01
7.12524754959299e+01
1.35665543597130e+02
8.79208211123105e+01
1.04081018288511e+02
8.02901795944283e+01
8.49313296976561e+01
8.52771716025851e+01
8.82254342207565e+01
1.32199052288525e+02
7.90507671465934e+01
9.34155511116901e+01
8.21900151732188e+01
6.03788456834302e+01
6.71007411325854e+01
1.02681652032196e+02
1.03623641126795e+02
5.47561155540963e+01
6.78556851633116e+01
7.19671671396369e+01
4.85124283481421e+01
3.42135446831233e+01
8.67872854849175e+01
5.77373293217522e+01
4.00640820250740e+01
4.62954059484101e+01
5.44118924171945e+01
2.66149197495075e+01
2.51553750244914e+01
7.25057000247429e+01
3.46084529655586e+01
2.08774139354752e+01
2.44682795421690e+01
9.57617469016995e+00
9.26824927455336e+00
1.02028754204136e+01
1.08448150142313e+01
1.16003143574210e+01
1.31494672284160e+01
1.60374588703214e+01
1.96018412194843e+01
2.82776979490929e+01
3.56577656377776e+01
3.73206647168640e+01
4.93188118411281e+01
6.51095884975307e+01
5.81381537523339e+01
5.96413225554542e+01
6.49798246234655e+01
6.31994020863793e+01
6.69574956876291e+01
6.30045680773252e+01
7.04075871022159e+01
6.61045232110116e+01
7.82810378915239e+01
7.33987058086847e+01
8.42891156635262e+01
7.21440082194658e+01
6.75643013945372e+01
7.09634032887159e+01
6.68493556734514e+01
6.46727746386184e+01
8.89470534145646e+01
7.03685881888714e+01
6.19267603661790e+01
6.42206137552566e+01
6.37101248825737e+01
5.38309030129458e+01
5.15413021155026e+01
7.52777686929423e+01
5.56847165584001e+01
5.04450213328842e+01
4.75536177238631e+01
5.40836236917652e+01
3.54867716222233e+01
3.59923810874988e+01
5.88777480287944e+01
3.72784702931988e+01
3.54110433407205e+01
2.83919794133258e+01
3.84864040127408e+01
2.12461697912198e+01
3.11005152630083e+01
3.61219893479529e+01
2.54389267587456e+01
2.27257545121293e+01
1.87397866950733e+01
2.54965927418920e+01
1.41504194340194e+01
1.34581792279383e+01
2.52554278893422e+01
1.43995757858372e+01
1.40050678957392e+01
9.36791227501883e+00
1.01092509990145e+01
9.88664852172876e+00
1.02952432318847e+01
1.01464782264091e+01
1.07097587996685e+01
1.16546841189075e+01
1.42997820662982e+01
1.74443606387687e+01
1.95728545282619e+01
2.51979097392783e+01
3.10646454214899e+01
3.83263451600178e+01
3.54108659716548e+01
3.78963321675093e+01
3.99637070720429e+01
4.36179823727190e+01
4.05606205528141e+01
4.61939045959008e+01
5.02462610237130e+01
4.89084120646363e+01
4.87720847948661e+01
4.48629991415483e+01
5.44281568977968e+01
4.53287287463233e+01
5.54841988608385e+01
4.61340437368272e+01
4.17694407480342e+01
4.55676834549182e+01
4.92754410527493e+01
4.31301548792283e+01
4.00883804329228e+01
4.35094914578650e+01
3.57964211056679e+01
3.14062681918114e+01
3.03318539079406e+01
3.74097263714857e+01
3.23167731788433e+01
2.89187089899658e+01
3.27702126936531e+01
2.73512456777130e+01
2.05184145017687e+01
1.91709719709916e+01
2.53130952663452e+01
2.17672974842823e+01
1.82508476417064e+01
2.06400169060112e+01
1.66963884087577e+01
1.74271794245232e+01
1.69785935555008e+01
1.73194013889061e+01
1.61911078243501e+01
1.32535418239872e+01
1.56473924853045e+01
1.29703621208482e+01
9.70113474962832e+00
1.06115084125577e+01
1.20112728674886e+01
1.08465920152919e+01
1.08865565988859e+01
1.06877817556543e+01
1.07454588571343e+01
1.09413386354741e+01
1.06551805814902e+01
1.06868385079482e+01
1.18767481946815e+01
1.30153499485725e+01
1.26681124728352e+01
1.62280310970665e+01
1.83132458312284e+01
2.06753173383662e+01
2.53256435394511e+01
2.30230179018742e+01
2.38058971873139e+01
2.80619399381784e+01
2.70415083689976e+01
2.92850549669092e+01
3.14380831469136e+01
3.48457406510630e+01
2.91820803698638e+01
2.92396298754342e+01
3.01343571828656e+01
3.30151198873308e+01
3.56024659182122e+01
3.45877948000218e+01
2.93230030342040e+01
2.88343166565757e+01
2.95856435767699e+01
2.99382206274688e+01
2.75748203846846e+01
2.87464611234149e+01
2.53194988243433e+01
2.16630889071715e+01
2.11623965813215e+01
2.10788250986797e+01
2.34223301710346e+01
2.00217487090808e+01
2.11426820335901e+01
1.84149872741385e+01
1.69177954664998e+01
1.47259544176834e+01
1.44933004288444e+01
1.64813806407333e+01
1.40121332117116e+01
1.50312157518262e+01
1.30786063353719e+01
1.41559130254172e+01
1.29038186962031e+01
1.13106699979699e+01
1.28440037611361e+01
1.24072856633568e+01
1.25350481728371e+01
1.14427875222549e+01
1.01216104301715e+01
1.05312806121630e+01
1.07164674699621e+01
1.05862807110594e+01
1.19988217778388e+01
1.19150794580812e+01
1.20608213152404e+01
1.22319818154439e+01
1.14266247771149e+01
1.22961087489972e+01
1.30802290501939e+01
1.20210397600808e+01
1.33533178564817e+01
1.53185534132052e+01
1.55240236267206e+01
1.67637037395137e+01
1.94411841129063e+01
1.72357300281893e+01
1.90685114818652e+01
1.96402416207790e+01
2.16187969730073e+01
2.18125991283972e+01
2.33870791934441e+01
2.25975759558701e+01
1.96876643232329e+01
2.22296328318624e+01
2.07404636494483e+01
2.69373390506025e+01
2.38270810438940e+01
2.31473227695461e+01
2.25355418472350e+01
2.10937214291492e+01
2.02166775873942e+01
2.12750103282859e+01
2.17166225748076e+01
1.90626169595136e+01
1.76329424286870e+01
1.73079046630739e+01
1.78554099305492e+01
1.61974426572768e+01
1.74383073116699e+01
1.72507841933839e+01
1.48713213172462e+01
1.41912290563782e+01
1.45135064603306e+01
1.41467012930265e+01
1.28687718092668e+01
1.36848058302142e+01
1.41011674826114e+01
1.20201377963857e+01
1.29386754229932e+01
1.29969917887754e+01
1.22625813691382e+01
1.10446957222530e+01
1.15137439972629e+01
1.37393106529146e+01
1.14134981259700e+01
1.10243117545750e+01
1.18777487304096e+01
1.11431764790447e+01
1.22111114275808e+01
1.34084595039867e+01
1.33635212043119e+01
1.35268939336542e+01
1.33085601837785e+01
1.32284459319769e+01
1.42206620755311e+01
1.28782554862525e+01
1.40773225241065e+01
1.48203341199263e+01
1.56377765314762e+01
1.49727006112900e+01
1.58319826652373e+01
1.80007100686960e+01
1.60645329925390e+01
1.60555754936046e+01
1.82018643482852e+01
1.87122298944695e+01
1.86907871329778e+01
1.86100316436761e+01
1.78994108213505e+01
1.73071291200674e+01
1.82076127910138e+01
1.95189595731094e+01
2.05185135496837e+01
1.83507235362226e+01
1.98213827074435e+01
1.94605746363375e+01
1.65945335805902e+01
1.72232410471384e+01
1.92633056062914e+01
1.70838939340550e+01
1.56448504447219e+01
1.66927483121254e+01
1.67525072120490e+01
1.56386504649561e+01
1.50003580574256e+01
1.71743247644203e+01
1.50499683905173e+01
1.38766605508865e+01
1.45420773417231e+01
1.51359235418176e+01
1.38523897413014e+01
1.34644571577737e+01
1.49966339680499e+01
1.35376406994630e+01
1.28583737041034e+01
1.40787965317217e+01
1.37960933123411e+01
1.31166598291326e+01
1.15510405879587e+01
1.33160064848347e+01
1.40092579652487e+01
1.17011323936305e+01
1.36481767903341e+01
1.24848145556532e+01
1.27332214910836e+01
1.49039282728979e+01
1.47469068962521e+01
1.46081593938016e+01
1.52804503647297e+01
1.52219998083521e+01
1.40281282774568e+01
1.52910372565348e+01
1.62630170034062e+01
1.62255699915017e+01
1.62991725113085e+01
1.58077333868084e+01
1.68597614395536e+01
1.86862128363612e+01
1.53460365271942e+01
1.67317476565984e+01
1.79090004891126e+01
1.81722921057478e+01
1.76286658290472e+01
1.73891105862592e+01
1.75734651237495e+01
1.62964217520152e+01
1.90894867132767e+01
1.76668939228359e+01
1.79511392846868e+01
1.79757986531929e+01
1.90821605235233e+01
1.72591138476782e+01
1.63736090416815e+01
1.77888628335801e+01
1.74209551006179e+01
1.58158263871198e+01
1.68157156927985e+01
1.73573007088466e+01
1.61353507018611e+01
1.59390458993578e+01
1.64054426435740e+01
1.66509745765735e+01
1.53545608583877e+01
1.56118501118963e+01
1.59502765068812e+01
1.53482527266932e+01
1.50934660656175e+01
1.56987061703618e+01
1.52254163639028e+01
1.47319359019996e+01
1.47169105385561e+01
1.56017951299637e+01
1.48329596515708e+01
1.39994402225084e+01
1.38093122260338e+01
1.39632672908129e+01
1.44974296018830e+01
1.45949019958070e+01
1.42466922239459e+01
1.41037598575903e+01
1.61988849475642e+01
1.56629364307693e+01
1.65451248211723e+01
1.73887289117413e+01
1.47657161156284e+01
1.64982120124495e+01
1.76303824271953e+01
1.78524348538897e+01
1.72629957841775e+01
1.78862354144543e+01
1.75913834231268e+01
1.83422352568778e+01
1.90729186323755e+01
1.67557868739013e+01
1.76098070527328e+01
1.87623243548629e+01
1.88551881770945e+01
1.78682678433048e+01
1.82163823937359e+01
1.78684092546248e+01
1.82761770257810e+01
1.88049254781875e+01
1.72746263193850e+01
1.90057435498144e+01
1.89050517410038e+01
1.80496318113859e+01
1.83401865122060e+01
1.81928679801058e+01
1.75447753388597e+01
1.71972376172207e+01
1.79676623043859e+01
1.82557361879894e+01
1.73511109040488e+01
1.73273033724746e+01
1.79260151790556e+01
1.68985856113176e+01
1.73606602818742e+01
1.76534235091106e+01
1.74677390101855e+01
1.64670287124535e+01
1.68845683896143e+01
1.75031778373291e+01
1.64149368279233e+01
1.64240333322226e+01
1.70089063989010e+01
1.64144843062312e+01
1.66103539241574e+01
1.58503672639009e+01
1.63296471653310e+01
1.47298322761102e+01
1.43830860936063e+01
1.78182285573857e+01
1.50440956273517e+01
1.59042206818879e+01
1.69734388412064e+01
1.74628312947186e+01
1.85950086215022e+01
1.66462786593629e+01
1.70675738735674e+01
1.88052916052868e+01
1.91542259835392e+01
1.88890034389459e+01
1.90867867409477e+01
1.99584391587613e+01
1.92202391520043e+01
1.91734327779665e+01
2.11469112519833e+01
1.79661239486088e+01
1.89580537156656e+01
2.03561260549361e+01
1.97045799135771e+01
1.90927010401174e+01
1.91742660296154e+01
2.04762242837568e+01
1.88472115528180e+01
1.90731530043425e+01
1.92758916742436e+01
2.06764682543215e+01
1.86193133486998e+01
1.98389401891938e+01
2.07159352345848e+01
1.86764219307833e+01
1.78819551007898e+01
1.98650290238587e+01
1.96826824266418e+01
1.86252880736601e+01
1.88378455108494e+01
1.96520154397174e+01
1.87123866790476e+01
1.78230706754062e+01
1.98708023754681e+01
1.96561462827410e+01
1.81021331213683e+01
1.81443780353684e+01
1.93686248144559e+01
1.82533041508767e+01
1.76708562296106e+01
1.88453215943099e+01
1.87983326692962e+01
1.73428777708649e+01
1.77067030647899e+01
1.81501418994035e+01
1.72115656276445e+01
1.50794800593866e+01
1.74607767805396e+01
1.81828989328497e+01
1.66442784453037e+01
1.86894091119130e+01
1.94092973958382e+01
1.75958101874572e+01
1.90376619954796e+01
1.92148421411558e+01
2.01707844516820e+01
2.00717526899082e+01
2.08038011113921e+01
2.11438034802777e+01
2.15832242450825e+01
2.01058894821528e+01
2.12409371149343e+01
2.27612083674430e+01
1.93691138002023e+01
2.08181736094234e+01
2.14677810757244e+01
2.10760165879743e+01
2.02037718836853e+01
2.19458913860644e+01
2.13900354569905e+01
1.94674878709273e+01
2.14935692818901e+01
2.13649932647860e+01
2.06019826960044e+01
2.07861756754771e+01
2.24871784253650e+01
2.13821876863339e+01
1.92184278587623e+01
2.07728579578309e+01
2.16224816162836e+01
2.01686545904353e+01
2.02980715568107e+01
2.11688174688316e+01
2.06320011153750e+01
1.96272577733032e+01
2.03671202117397e+01
2.18554180253526e+01
2.02659905912676e+01
1.98397492680355e+01
2.05718795039714e+01
2.01631571295564e+01
1.93969907256637e+01
2.02235170992540e+01
2.05495202711915e+01
1.96249594216745e+01
1.84358349605534e+01
1.99223976416330e+01
1.89784531640257e+01
1.73155487314037e+01
1.82086023189498e+01
1.76520379819835e+01
1.98667234396301e+01
2.05897153426863e+01
1.81501579422698e+01
1.99639363275112e+01
2.11931691107362e+01
2.03704502978343e+01
2.09270058260824e+01
2.19715594621214e+01
2.27732607745602e+01
2.26888171352279e+01
2.24908723595621e+01
2.21112090113133e+01
2.27696119185052e+01
2.44600762812963e+01
2.12157815141516e+01
2.18804917482213e+01
2.29605110914692e+01
2.22508174641406e+01
2.29843584473230e+01
2.28594871609768e+01
2.21706038274051e+01
2.20271965306715e+01
2.37606097393634e+01
2.14309845251563e+01
2.29696285532765e+01
2.35280439141747e+01
2.32090875633213e+01
2.19271023357975e+01
2.22623534909367e+01
2.24543328233772e+01
2.21081646794348e+01
2.18713739826322e+01
2.26941899681837e+01
2.20755684562149e+01
2.15609662491884e+01
2.22486596174352e+01
2.22569014040346e+01
2.23926313236824e+01
2.20002314126521e+01
2.22787635942217e+01
2.13201511005850e+01
2.12765619445203e+01
2.19765594188478e+01
2.18542844419154e+01
2.12191461464188e+01
2.07631807170046e+01
2.05144392187225e+01
2.06564350254749e+01
1.88993855463833e+01
2.05578462729197e+01
1.82160197636950e+01
1.90973058145252e+01
1.90713474119400e+01
2.03695209442367e+01
2.20086148241155e+01
2.22314448088402e+01
2.09172291452275e+01
2.27598710803366e+01
2.38168311802785e+01
2.41892160880677e+01
2.35438843313392e+01
2.45176326754809e+01
2.35525005157324e+01
2.43157584322827e+01
2.66795643203423e+01
2.21801647710609e+01
2.32920027676970e+01
2.42381804869021e+01
2.51131206049773e+01
2.38323491838388e+01
2.36001965464326e+01
2.50390226035313e+01
2.43113086892279e+01
2.37223026279371e+01
2.38633773113103e+01
2.58019144378492e+01
2.42490243645245e+01
2.37711954305423e+01
2.51401948427714e+01
2.39712949358233e+01
2.28978230086872e+01
2.38475958287106e+01
2.42693477467401e+01
2.36009479184357e+01
2.28778010329516e+01
2.43033657933223e+01
2.41490659636030e+01
2.27372557968708e+01
2.41333585992756e+01
2.44521300633210e+01
2.29796676824047e+01
2.23538910591715e+01
2.39874086704985e+01
2.35285193478832e+01
2.23959933726713e+01
2.23979837696660e+01
2.28413285908462e+01
2.11737878917527e+01
2.03863418180059e+01
2.22115530727264e+01
2.03748804554804e+01
1.96147484057483e+01
2.12159712695820e+01
2.22784148647852e+01
2.28699019055002e+01
2.26601002537215e+01
2.25958957536890e+01
2.44448853598281e+01
2.50863180416487e+01
2.50047016433168e+01
2.54755475568367e+01
2.59551238637765e+01
2.49873574775053e+01
2.63863388069843e+01
2.77251663498426e+01
2.34197016938425e+01
2.44994527843726e+01
2.71861777441878e+01
2.59525108517412e+01
2.44664626759094e+01
2.64948382466009e+01
2.74948417722012e+01
2.42659416567799e+01
2.62440886715220e+01
2.66607706202263e+01
2.64690439517997e+01
2.47696253894273e+01
2.70997760615301e+01
2.68108835376367e+01
2.44028506594892e+01
2.45704933929569e+01
2.62406775589527e+01
2.51531600618473e+01
2.43102184830755e+01
2.55733526807449e+01
2.62364926129351e+01
2.45550376096181e+01
2.43931427670633e+01
2.65615154745272e+01
2.51125680981534e+01
2.39181330673123e+01
2.50834535463472e+01
2.55092238582144e+01
2.39060332603821e+01
2.35833011549283e+01
2.43741104800180e+01
2.34630375606907e+01
2.07193448471570e+01
2.37431741906326e+01
2.18463138461237e+01
2.16998378901041e+01
2.30496233039235e+01
2.29794045310860e+01
2.31771602654390e+01
2.43474054276651e+01
2.40928791153874e+01
2.55437047354846e+01
2.58097641321932e+01
2.68602935981660e+01
2.68099755340653e+01
2.73696635085946e+01
2.69796287661716e+01
2.72004050401280e+01
2.90959360371992e+01
2.43893086289847e+01
2.73007228756001e+01
2.79688716348278e+01
2.65288578882234e+01
2.73206336180964e+01
2.88380937396314e+01
2.73826231662245e+01
2.66896415689040e+01
2.90908058395553e+01
2.72768646257918e+01
2.69167578013783e+01
2.80962963935683e+01
2.86737422107625e+01
2.71636600777554e+01
2.60027559942653e+01
2.68394952165555e+01
2.70617355698437e+01
2.57501605197044e+01
2.70375895335597e+01
2.73616554964938e+01
2.66274384339279e+01
2.61469141711220e+01
2.66685990073672e+01
2.71504569134265e+01
2.59457977153290e+01
2.66891395855166e+01
2.64615361384104e+01
2.57912657331902e+01
2.50191897853357e+01
2.54481239686727e+01
2.48983539917266e+01
2.27963461509701e+01
2.40034632759893e+01
2.31628077323865e+01
2.30890936561845e+01
2.36238011339036e+01
2.31300561246389e+01
2.47963360092331e+01
2.57545767366728e+01
2.49838126581164e+01
2.61587600060055e+01
2.75503518545759e+01
2.81174513126400e+01
2.81119548081767e+01
2.93972846323768e+01
2.76592977628784e+01
2.84157345240229e+01
3.01847583304983e+01
2.70283279258830e+01
2.79476423110264e+01
2.85160212755485e+01
2.94650459900479e+01
2.95780335677183e+01
2.85793847656298e+01
2.99962106494071e+01
2.94450178738380e+01
2.95982855334701e+01
2.76680909309420e+01
3.03307126318512e+01
2.95588994753177e+01
2.89744666417869e+01
2.87644736495409e+01
2.82861493537393e+01
2.75577984649257e+01
2.75797384887179e+01
2.84659800638873e+01
2.87967274723462e+01
2.76286215949622e+01
2.82463629765264e+01
2.84087843627747e+01
2.71787622268215e+01
2.79076895147768e+01
2.87721369830797e+01
2.79785860987171e+01
2.66079660406742e+01
2.69730069863274e+01
2.67828526171233e+01
2.58788274863458e+01
2.40635390390274e+01
2.61851973341059e+01
2.32599808271279e+01
2.42992671439968e+01
2.36432239556733e+01
2.46256047679535e+01
2.60281870709074e+01
2.65465508890775e+01
2.54426080075408e+01
2.77559702993427e+01
2.86989095207029e+01
2.93318144266945e+01
3.00706404791240e+01
3.00116116798239e+01
2.87624696469630e+01
2.94457113479777e+01
3.32581543583346e+01
2.76031262824546e+01
2.83952607610345e+01
3.15769982249173e+01
3.17488172386588e+01
2.91902962455334e+01
3.11742977199573e+01
3.29333883064237e+01
2.99266654282196e+01
2.98760325335677e+01
3.10400129887154e+01
3.17220799407152e+01
2.98109550235143e+01
3.05995261583095e+01
3.10850248175961e+01
2.90225686826476e+01
2.79538540938574e+01
3.03506083776567e+01
3.01987612762446e+01
2.89940233610372e+01
2.91741846204978e+01
3.05416818954010e+01
2.88787995270946e+01
2.78343955923496e+01
3.08070331361957e+01
3.00052647494011e+01
2.79845140452102e+01
2.78069038660055e+01
2.87013538157970e+01
2.71305914409306e+01
2.48607117745828e+01
2.74636010515426e+01
2.52734802646944e+01
2.43097570905732e+01
2.50678434797957e+01
2.57138883275641e+01
2.66796228848021e+01
2.69388073816251e+01
2.68482125405500e+01
2.87775171957195e+01
2.97977222427550e+01
3.12398232663274e+01
3.05169575064196e+01
3.10431742015984e+01
2.96727982810458e+01
3.22502344167782e+01
3.38628527142502e+01
2.78985544155643e+01
3.13438179377225e+01
3.38517872783952e+01
3.12701011938096e+01
3.16974438111361e+01
3.40077336742253e+01
3.33886806950613e+01
3.01297604559068e+01
3.33451587009147e+01
3.23230713680715e+01
3.19008856164848e+01
3.13753478692188e+01
3.28911990040247e+01
3.17613060813676e+01
2.92861861016417e+01
3.06395167182423e+01
3.20285405801633e+01
3.03252939755940e+01
3.04790902076891e+01
3.13364505877136e+01
3.09989824309759e+01
2.94177664112188e+01
3.06369560800900e+01
3.19344621354611e+01
2.98698760976526e+01
2.91388299656482e+01
2.93929457451152e+01
2.89980782797803e+01
2.58941413544452e+01
2.82822849213538e+01
2.63662753432784e+01
2.62414418379329e+01
2.60519126592438e+01
2.62187740240794e+01
2.70105001894534e+01
2.82833591813854e+01
2.77163807407674e+01
2.97445114789775e+01
3.16146283600881e+01
3.15453715228076e+01
3.14649840951136e+01
3.18747978799670e+01
3.23610489305379e+01
3.26718496566018e+01
3.41343630732580e+01
3.06504484867818e+01
3.34483073060627e+01
3.32570771991357e+01
3.37666942670978e+01
3.44276985783144e+01
3.43073873617737e+01
3.35480894447693e+01
3.34683330152665e+01
3.45270698109792e+01
3.24572907556933e+01
3.34392619357823e+01
3.35859534168429e+01
3.34777914959493e+01
3.19095395913039e+01
3.19550514622018e+01
3.21784932580709e+01
3.20780602614120e+01
3.17240319606457e+01
3.25947961257783e+01
3.16609500533516e+01
3.14821135324278e+01
3.22382970000436e+01
3.16049863488115e+01
3.16559375196610e+01
3.09860672469348e+01
3.06246495057831e+01
2.95758351106726e+01
2.75911208612586e+01
2.92580797823928e+01
2.69772251846420e+01
2.72141444126840e+01
2.64364300480532e+01
2.64320431145183e+01
2.82281299678641e+01
2.90768607400319e+01
2.85289195283973e+01
3.14384227951603e+01
3.17927335155439e+01
3.23986245402485e+01
3.22658549066328e+01
3.46199991409438e+01
3.26871797222454e+01
3.28605633700829e+01
3.73644889255717e+01
3.26490763433493e+01
3.27596627924147e+01
3.58420926915636e+01
3.65372089321457e+01
3.46346046491660e+01
3.43835980803164e+01
3.71335665079281e+01
3.45886986576016e+01
3.45647462792001e+01
3.39271860225891e+01
3.56406389095686e+01
3.41078941261260e+01
3.35579974528220e+01
3.46604243996754e+01
3.35355296940069e+01
3.21415980558379e+01
3.34753884880077e+01
3.38016518026541e+01
3.28681811679774e+01
3.20407781825668e+01
3.43959326264097e+01
3.31456121905352e+01
3.12241249003803e+01
3.28029936090503e+01
3.24067261272839e+01
3.07246196663247e+01
2.80379718312902e+01
3.10276001640189e+01
2.78194229922853e+01
2.77620990877514e+01
2.65559618733415e+01
2.75077920244259e+01
2.89123036180345e+01
2.98098226063598e+01
3.00436364834088e+01
3.14929202986025e+01
3.25386193985242e+01
3.31740524165487e+01
3.48947840068547e+01
3.49049294676388e+01
3.27765733866008e+01
3.58853526961921e+01
3.96508112067603e+01
3.19006570964313e+01
3.52337190872442e+01
3.86352372776167e+01
3.67076049356122e+01
3.46001670753629e+01
3.79199471916332e+01
3.82520769671102e+01
3.45945135335609e+01
3.59931280572314e+01
3.60416621933172e+01
3.60939513465145e+01
3.40950893700502e+01
3.63573350411552e+01
3.62316263361023e+01
3.34473322698139e+01
3.34450024239726e+01
3.55209601497204e+01
3.40396696528240e+01
3.31583037728211e+01
3.48893571286493e+01
3.52572902425670e+01
3.26361607661225e+01
3.23236522741947e+01
3.41360536602638e+01
3.24291479706056e+01
2.89726199069500e+01
3.14430598400301e+01
2.94282972983229e+01
2.84885854096741e+01
2.75320469191399e+01
2.80766749464432e+01
2.95339773323674e+01
3.12891766204073e+01
3.00250212842709e+01
3.21190965804350e+01
3.32228008189071e+01
3.57258296413776e+01
3.50455578552889e+01
3.49048064309772e+01
3.56954446303099e+01
3.78908907023445e+01
3.86852271945027e+01
3.41141495745500e+01
3.78431258663282e+01
3.87041911925013e+01
3.65823101655468e+01
3.80406105551074e+01
3.88553382331690e+01
3.82072253047951e+01
3.58962961029399e+01
3.80750688644392e+01
3.64329371965836e+01
3.59698150879681e+01
3.68481693285545e+01
3.78418110636699e+01
3.60396667904429e+01
3.46157074490690e+01
3.53403145483865e+01
3.56741998278280e+01
3.42154934548454e+01
3.60284258272711e+01
3.55781000835941e+01
3.46322317579163e+01
3.36642998278711e+01
3.34890405973377e+01
3.40380969569858e+01
3.04611617069394e+01
3.23978807094748e+01
2.96674982950737e+01
3.00028367903248e+01
2.80138742081448e+01
2.85837357836343e+01
3.09017674653610e+01
3.11420198424716e+01
3.05087119802600e+01
3.26989398586833e+01
3.56563509852597e+01
3.57701709524625e+01
3.49749941903067e+01
3.78852743654472e+01
3.75896114731090e+01
3.68668848256594e+01
4.12193975442744e+01
3.65585078807560e+01
3.78027109366579e+01
3.85225831596069e+01
4.00520634983823e+01
3.88525059650827e+01
3.87117699380513e+01
3.95599692334460e+01
3.78972089189819e+01
3.83783493677490e+01
3.62258057609049e+01
3.87558744188219e+01
3.82510302171880e+01
3.75640249062454e+01
3.71773558727910e+01
3.65079106352957e+01
3.53999365274373e+01
3.57846551900401e+01
3.70425887137377e+01
3.66209097172573e+01
3.48227070467289e+01
3.56807479703214e+01
3.47483120017808e+01
3.33062739711308e+01
3.19000796732529e+01
3.38883518163149e+01
3.04367898251402e+01
3.01491948358249e+01
2.84329516130444e+01
2.98201922395553e+01
3.06256587856326e+01
3.15545955647229e+01
3.08962782184609e+01
3.49784083156656e+01
3.56089378954952e+01
3.56353851751453e+01
3.78918463033363e+01
3.98019906085805e+01
3.64930731180008e+01
3.92521307967958e+01
4.40463133267309e+01
3.65076739611217e+01
3.75566929566377e+01
4.20892425386196e+01
4.08522591856136e+01
3.86463471110459e+01
4.00210379651510e+01
4.16580419981231e+01
3.81813215405942e+01
3.80413769073123e+01
3.89461996539943e+01
4.01174086406953e+01
3.79135968217203e+01
3.87111208751580e+01
3.90806948169318e+01
3.65897127287394e+01
3.54323945948823e+01
3.86583084153323e+01
3.75863183518060e+01
3.57546078088600e+01
3.58420240922071e+01
3.67195301069974e+01
3.45083416028587e+01
3.11158963052447e+01
3.53550972336922e+01
3.17809632312932e+01
3.08662936681371e+01
2.95817257778743e+01
2.94847609454941e+01
3.09477719169545e+01
3.19070570516085e+01
3.29694752041364e+01
3.48455998541877e+01
3.53948913959666e+01
3.85169160838545e+01
3.96616953173025e+01
3.85927343673265e+01
3.87551165918330e+01
4.17935062529966e+01
4.39186084115958e+01
3.61386315959381e+01
4.09579470674565e+01
4.27761150871173e+01
4.05799171094438e+01
3.98354460186128e+01
4.19870970190277e+01
4.18999318253507e+01
3.77510638954338e+01
4.07926018008589e+01
4.02260918474983e+01
3.96861634924557e+01
3.89900062311285e+01
4.05607772796083e+01
3.90851186215821e+01
3.64861436161451e+01
3.82174602959961e+01
3.90899591387123e+01
3.66181961228546e+01
3.67377231682409e+01
3.67331799971545e+01
3.63942553051482e+01
3.21025267877076e+01
3.44280205600211e+01
3.30567195176186e+01
3.20996826057947e+01
2.91858900199105e+01
2.97096319631370e+01
3.12886725366881e+01
3.39378553005058e+01
3.28024450552616e+01
3.45576201424449e+01
3.81698949216414e+01
4.01725243790917e+01
3.83633217048677e+01
4.08271914753711e+01
4.11657481412778e+01
4.15334522097179e+01
4.34077218574208e+01
3.92670583845453e+01
4.14755455959841e+01
4.24335208485237e+01
4.17040207663371e+01
4.16790065557435e+01
4.20875214006165e+01
4.13557505295954e+01
4.03752625247819e+01
4.20111163965534e+01
3.97414631764854e+01
4.07145688840149e+01
4.07490432711850e+01
4.04549928374533e+01
3.88722088028934e+01
3.92243638933923e+01
3.84974627632362e+01
3.79948489491997e+01
3.75195670735579e+01
3.75199327641843e+01
3.62777844027971e+01
3.38078443323038e+01
3.54120219389233e+01
3.20640585541293e+01
3.32512579434187e+01
2.93286940551907e+01
2.99235981164862e+01
3.31668602826962e+01
3.36695729495706e+01
3.24357406545623e+01
3.71803748266440e+01
3.97080258143489e+01
3.87918117003913e+01
4.05555204960624e+01
4.32777163957452e+01
4.08446628528043e+01
4.10099162046186e+01
4.70190157201171e+01
3.97573826517009e+01
4.10872583636366e+01
4.35712053538840e+01
4.35661277755494e+01
4.17194016139897e+01
4.14785083077834e+01
4.41466321025336e+01
4.15588076889824e+01
4.14242917737077e+01
4.06960720263633e+01
4.24433658091973e+01
4.05866066416507e+01
4.01885445505043e+01
4.16741859332916e+01
3.95186631260945e+01
3.73284055464900e+01
3.89132678077440e+01
3.82365755649619e+01
3.70078092871442e+01
3.36317072898479e+01
3.71468787708457e+01
3.29100006471471e+01
3.21919567514526e+01
2.94417496757743e+01
3.16495518701214e+01
3.28043662304941e+01
3.32329278832023e+01
3.48011798169508e+01
3.85826119912569e+01
3.82726221924052e+01
4.09389204480111e+01
4.28684584809790e+01
4.29064836846931e+01
4.02497351017436e+01
4.43665206098313e+01
4.75445437655220e+01
3.93384928861019e+01
4.21326362225385e+01
4.53998713169548e+01
4.35725540192010e+01
4.10139462248174e+01
4.42025518881725e+01
4.53556968528755e+01
4.09397868536211e+01
4.23231395353857e+01
4.23346431433169e+01
4.22040638697037e+01
4.02539717757910e+01
4.30266604000549e+01
4.18920877043350e+01
3.82683443512176e+01
3.82106207739581e+01
3.95433253781920e+01
3.76679666049053e+01
3.41688671599770e+01
3.68670392094531e+01
3.44935894294977e+01
3.29807071331180e+01
3.10734732786567e+01
3.12551741463092e+01
3.23389752067815e+01
3.55904399638363e+01
3.60760081022737e+01
3.71207647241382e+01
4.03107709523931e+01
4.31608148118191e+01
4.23873254834813e+01
4.22015505196872e+01
4.34569173581672e+01
4.46733452108407e+01
4.69771218084311e+01
4.01607483294608e+01
4.37829530309906e+01
4.53064803867706e+01
4.27471730031684e+01
4.36258930916031e+01
4.52509852461376e+01
4.46242642410458e+01
4.17053081831343e+01
4.39078466240940e+01
4.20451830544544e+01
4.17758528009379e+01
4.30373542658606e+01
4.31082129701853e+01
4.04830220866889e+01
3.90131889304886e+01
3.86940950145382e+01
3.88552583679754e+01
3.47139881566830e+01
3.74524201005962e+01
3.41134176287678e+01
3.44368730226807e+01
3.06417436583487e+01
3.07379800089469e+01
3.45754457850189e+01
3.67893870362951e+01
3.46565377634055e+01
3.90160959743307e+01
4.24069051555882e+01
4.25850124155073e+01
4.16438065952071e+01
4.54288499805999e+01
4.36733705422877e+01
4.40792622233853e+01
4.78740590436366e+01
4.16876446706708e+01
4.36060103180736e+01
4.44045110934147e+01
4.53589672574398e+01
4.45892858918954e+01
4.44352735836069e+01
4.53896287613486e+01
4.32185311689388e+01
4.35309770813774e+01
4.15558732255564e+01
4.45766265973136e+01
4.30243485959612e+01
4.15757158843536e+01
4.11981292110988e+01
3.94566945254745e+01
3.79416497776804e+01
3.57673321520011e+01
3.78840259624780e+01
3.45178657720695e+01
3.39550438860471e+01
3.00697060552951e+01
3.27920108358716e+01
3.56193322337477e+01
3.52745961827048e+01
3.63027270420127e+01
4.09591389447348e+01
4.17714162956138e+01
4.17965281869701e+01
4.47819438598649e+01
4.56357551605996e+01
4.30440332779869e+01
4.49120368014151e+01
4.96302913180590e+01
4.15351686768845e+01
4.26775218484937e+01
4.70676175547552e+01
4.63319456993583e+01
4.37341492264615e+01
4.51757167465762e+01
4.69565184233267e+01
4.28485848170947e+01
4.29501202956719e+01
4.42773874056049e+01
4.44752837092686e+01
4.14298069195615e+01
4.23203968445698e+01
4.15781889446875e+01
3.87135591817558e+01
3.48222865391849e+01
3.89490437534992e+01
3.49270903878740e+01
3.43682901706369e+01
3.20118710091524e+01
3.37374638036724e+01
3.40945828837689e+01
3.69052444256557e+01
3.80588916178557e+01
4.02804281051427e+01
4.09363282752294e+01
4.48654962460546e+01
4.48314465766716e+01
4.49223233584474e+01
4.37702577149823e+01
4.64266536738685e+01
4.93873553830368e+01
4.05210500973037e+01
4.51891369976345e+01
4.79563719845423e+01
4.53902644142676e+01
4.43673195717638e+01
4.66144655966445e+01
4.64994992600431e+01
4.21834269621490e+01
4.57033652311775e+01
4.40992820849366e+01
4.27549349622645e+01
4.21387484233015e+01
4.26039047687551e+01
4.07206234106266e+01
3.54181465424199e+01
3.79306299913898e+01
3.58302858824342e+01
3.46555535837301e+01
3.28905688464459e+01
3.22426473092443e+01
3.56436007903432e+01
3.86048102490147e+01
3.74103550578414e+01
3.94145443390786e+01
4.38658312881084e+01
4.48098554392712e+01
4.40784752585784e+01
4.55733394722436e+01
4.51674575879830e+01
4.60784853838089e+01
4.81213270057542e+01
4.27908497428650e+01
4.59341208458699e+01
4.69231303336059e+01
4.59335705548957e+01
4.56931780795208e+01
4.60387228787582e+01
4.57157197232623e+01
4.47837855430200e+01
4.54076462945861e+01
4.23349797795316e+01
4.34304840093250e+01
4.23271699133962e+01
4.16139035728583e+01
3.72052935669060e+01
3.84452044562190e+01
3.47394476386062e+01
3.54538068127302e+01
3.13892077289964e+01
3.36262522638595e+01
3.71959184653175e+01
3.78694213815835e+01
3.65234086367234e+01
4.21596796548136e+01
4.37303216557120e+01
4.39985738471139e+01
4.46930356084917e+01
4.69874331595467e+01
4.47833739663101e+01
4.48667669982413e+01
5.07227035306367e+01
4.35258722591076e+01
4.48924309570011e+01
4.74689000797722e+01
4.72645507679505e+01
4.50924173477697e+01
4.52275709400641e+01
4.84614191607286e+01
4.44936609519056e+01
4.35159685006853e+01
4.29652990274782e+01
4.35414845177512e+01
4.12898937313420e+01
3.79983186469890e+01
4.02620896762449e+01
3.52440265240447e+01
3.43705002029715e+01
3.26604905513817e+01
3.50404741986577e+01
3.64005953531189e+01
3.69286489427947e+01
3.89751514482856e+01
4.19575832115523e+01
4.28874627549230e+01
4.45811574570773e+01
4.59681773168971e+01
4.65608302520418e+01
4.35320411103347e+01
4.72664924050375e+01
5.15430186401350e+01
4.25042670704245e+01
4.53816725313672e+01
4.87504370579415e+01
4.66263665164404e+01
4.42310259738600e+01
4.78999252157192e+01
4.80811064342688e+01
4.26013709754592e+01
4.41260825954279e+01
4.29985845640779e+01
4.24105685279228e+01
3.76291128977963e+01
4.10631205804416e+01
3.68821312012777e+01
3.48193579810069e+01
3.39870731042185e+01
3.42603363816859e+01
3.54729884097557e+01
3.93564100218056e+01
3.87817024810297e+01
4.10986575127349e+01
4.33957084164897e+01
4.57723052187739e+01
4.54575411357163e+01
4.51863623868642e+01
4.57964912864480e+01
4.78827891727977e+01
5.02712267122557e+01
4.27963328742949e+01
4.65107262541718e+01
4.80042849334343e+01
4.56434770391116e+01
4.67969923197951e+01
4.73833554610723e+01
4.59801673836309e+01
4.30923532360509e+01
4.40542507979106e+01
4.18301363832609e+01
3.85958925654680e+01
4.06325000798551e+01
3.75244915611826e+01
3.63341816817384e+01
3.32012532721378e+01
3.33262285970071e+01
3.77605859750019e+01
3.90697860219463e+01
3.79470056980409e+01
4.15265285624675e+01
4.44848569922097e+01
4.51804412716258e+01
4.40766817336312e+01
4.74431537625513e+01
4.63425922615736e+01
4.66435155221566e+01
5.05428178616138e+01
4.38342707160281e+01
4.57270513960598e+01
4.69665946897776e+01
4.81780341609165e+01
4.62186719482304e+01
4.52344289055064e+01
4.64643385609848e+01
4.29905109599735e+01
4.27992229248441e+01
3.80143863648051e+01
4.15962045294639e+01
3.70474681113729e+01
3.68797099545943e+01
3.22424251096978e+01
3.54120840471196e+01
3.73866834396057e+01
3.81825093912703e+01
3.82394194112385e+01
4.25049907082997e+01
4.38537892291499e+01
4.37756692894040e+01
4.62504116648525e+01
4.79969171167774e+01
4.51012629278938e+01
4.69114141721978e+01
5.17280490278966e+01
4.31337574682372e+01
4.47093473548891e+01
4.95448407888919e+01
4.75869598400061e+01
4.40690415666448e+01
4.57265361989914e+01
4.62930589403567e+01
4.17594760959869e+01
3.88021012214580e+01
4.09134177229839e+01
3.78789248299794e+01
3.63808000579850e+01
3.42000892793617e+01
3.50328422582332e+01
3.64895595229719e+01
3.84459402001722e+01
3.91105411423685e+01
4.18505040993669e+01
4.24380941157426e+01
4.58879228951769e+01
4.66761578709408e+01
4.66633084612425e+01
4.52882725303090e+01
4.79021012889757e+01
5.08557702362865e+01
4.20607046942695e+01
4.71474894703643e+01
4.88260864731515e+01
4.53334270918922e+01
4.45032810392854e+01
4.54621029353395e+01
4.49121851475752e+01
3.78108185247220e+01
4.17605929840575e+01
3.72046765237058e+01
3.71280879383158e+01
3.38092447942604e+01
3.41565397463825e+01
3.67369288752958e+01
3.92525080392264e+01
3.85030690291211e+01
4.04491084153274e+01
4.44336872981139e+01
4.62220849273757e+01
4.53315595324961e+01
4.67588203927615e+01
4.61844140322238e+01
4.69887073645577e+01
4.95189618301124e+01
4.42521101434529e+01
4.63524116825574e+01
4.64536497819794e+01
4.56702111572842e+01
4.41612171259266e+01
4.39976447921316e+01
4.06321903158051e+01
4.05659609572036e+01
3.78618635453820e+01
3.64172523700965e+01
3.29292723813278e+01
3.43204020804701e+01
3.74394153008623e+01
3.85800189402523e+01
3.71410030644406e+01
4.22996889556928e+01
4.46986112852933e+01
4.48373146106061e+01
4.54196007341841e+01
4.76604636460601e+01
4.52739401009688e+01
4.57522496972332e+01
5.19957159991475e+01
4.35433436872831e+01
4.40432470264855e+01
4.68121088086350e+01
4.53030564587740e+01
4.27141018856419e+01
3.97842634852187e+01
4.35116865015073e+01
3.68176652843582e+01
3.70576208027983e+01
3.30277297282001e+01
3.49406515705158e+01
3.67213130231031e+01
3.71816798315984e+01
3.87695608577644e+01
4.24997525772210e+01
4.33158880899639e+01
4.49088887204084e+01
4.62047323411624e+01
4.67083880701817e+01
4.40299101324479e+01
4.80474229126087e+01
5.11526219105018e+01
4.13488645243563e+01
4.43949977391126e+01
4.63558496574066e+01
4.37982503572235e+01
3.85270580757208e+01
4.25758749896766e+01
3.94663247703825e+01
3.59601500886992e+01
3.35931975703243e+01
3.42513020303356e+01
3.53757204345174e+01
3.87792117031525e+01
3.89583665323639e+01
4.11432130965479e+01
4.33402209877080e+01
4.56231718357032e+01
4.52036963754633e+01
4.53459118019834e+01
4.61942379141420e+01
4.71222643933731e+01
4.85320554525667e+01
4.15347218315434e+01
4.38706847873946e+01
4.47355666300521e+01
3.94847148746069e+01
4.12391898311016e+01
3.85205599061209e+01
3.84755374485537e+01
3.29109033292586e+01
3.29448824423735e+01
3.68724133143791e+01
3.88998171398509e+01
3.76847381401589e+01
4.11214080693779e+01
4.39761122795719e+01
4.45646884404635e+01
4.38743145925203e+01
4.74767445394277e+01
4.52575491237128e+01
4.46456228578579e+01
4.86657851414099e+01
4.10235226628160e+01
4.22777146442693e+01
4.03039596795390e+01
4.21126317154176e+01
3.72200882489871e+01
3.74905947932858e+01
3.16110092550989e+01
3.42910940861630e+01
3.69050051681749e+01
3.75891170972494e+01
3.75729261820440e+01
4.16769658194397e+01
4.29134895327854e+01
4.32281367517440e+01
4.59372928247419e+01
4.65306980518199e+01
4.28393306779663e+01
4.48254958906179e+01
4.80578134106607e+01
3.95751191471156e+01
3.80277631995754e+01
4.29709803235031e+01
3.80710900581049e+01
3.62431292432145e+01
3.28583714142896e+01
3.43063358155261e+01
3.56196206037497e+01
3.74601098262169e+01
3.80621187990171e+01
4.06315481964973e+01
4.15882473289709e+01
4.52238354716548e+01
4.49078301700633e+01
4.40144873240093e+01
4.29699317841754e+01
4.41647780794043e+01
4.63153441966660e+01
3.55033839021050e+01
4.05761919866604e+01
3.87637723096456e+01
3.69702664452694e+01
3.28584738567778e+01
3.30845137240689e+01
3.55046263167450e+01
3.78945355595902e+01
3.71133962514168e+01
3.93387295077067e+01
4.34701741893675e+01
4.41420099688681e+01
4.24280374843033e+01
4.40474746523192e+01
4.22830825237810e+01
4.24745349209901e+01
4.15643077735248e+01
3.78019567577454e+01
3.64874687124650e+01
3.76008534067221e+01
3.16620939570164e+01
3.29211656313850e+01
3.58635242815046e+01
3.69001099220770e+01
3.58688680446933e+01
4.10799699681082e+01
4.23820173724683e+01
4.16601864967403e+01
4.24927180536625e+01
4.33416643585438e+01
4.06434452861206e+01
3.80797640236113e+01
4.41003426560401e+01
3.40231273665845e+01
3.54002667277389e+01
3.14560289118910e+01
3.32285132888898e+01
3.48576795579900e+01
3.56431021241077e+01
3.73927951472089e+01
4.00107660947053e+01
3.99621181300159e+01
4.17182917108488e+01
4.17271384819227e+01
4.16485435540170e+01
3.63796363574769e+01
4.04544745578678e+01
3.97573024686256e+01
3.30018693026829e+01
3.17278974414987e+01
3.22869075007770e+01
3.36625989694897e+01
3.71392158902747e+01
3.64341252728862e+01
3.76922877442450e+01
3.99918537606511e+01
4.09227302785326e+01
4.00349290441928e+01
3.72677254012463e+01
3.86327547411789e+01
3.63312780187789e+01
3.84417056341101e+01
3.08180276498888e+01
3.11398497487385e+01
3.50622679231688e+01
3.61280833610620e+01
3.43036608761180e+01
3.76916133134600e+01
3.91871248023075e+01
3.92025858645351e+01
3.57770900916188e+01
3.94478179030994e+01
3.46485024939736e+01
3.51294887995855e+01
2.96864372799775e+01
3.23967052907642e+01
3.40408432731297e+01
3.39815193669731e+01
3.42235918128664e+01
3.68970063985673e+01
3.75065784072557e+01
3.50294718529302e+01
3.79159797643256e+01
3.54426036023285e+01
3.34975313007828e+01
3.08474139809541e+01
3.14436050772627e+01
3.19831838519779e+01
3.39016478539109e+01
3.34922844438531e+01
3.52848894284305e+01
3.34834695392770e+01
3.70841214175242e+01
3.39506953746067e+01
3.41830250859491e+01
2.99330630787504e+01
2.95231983951085e+01
3.19233050628791e+01
3.31341302263052e+01
3.20377511790211e+01
3.14732898307931e+01
3.54235051019078e+01
3.31738245149746e+01
3.27560427989920e+01
2.80867299744638e+01
2.94252844934758e+01
3.11614622158233e+01
3.16564962017268e+01
2.85390527079004e+01
3.32692694387651e+01
3.16547770016093e+01
3.19554930999843e+01
2.79534756430341e+01
2.87043491629340e+01
2.97186564797821e+01
2.81773500707827e+01
3.01097051184431e+01
2.97043301832874e+01
3.04701683434630e+01
2.72544671765093e+01
2.73707292914172e+01
2.64516207305880e+01
2.97266297226195e+01
2.69053126182029e+01
2.85693749770621e+01
2.59818452067864e+01
2.43320467489091e+01
2.78967924708366e+01
2.65163070391092e+01
2.58558892705849e+01
2.30754890583483e+01
2.56353009795777e+01
2.48425404711407e+01
2.54696873149378e+01
2.42803273092274e+01
2.28234880038154e+01
2.38330780019065e+01
2.16184913635956e+01
2.18859444699862e+01
2.07146663159889e+01
