1.05131601837696e+01
1.01903119420416e+01
1.01935502314933e+01
1.49986846805399e+01
1.80858894071774e+01
2.54732769352778e+01
3.18829669657478e+01
3.82065651885741e+01
5.32503996829645e+01
6.72891489195295e+01
7.15800986019295e+01
6.93113059277628e+01
9.47064705280259e+01
9.11569680734399e+01
8.22876622761172e+01
8.52228863661554e+01
1.11534925996553e+02
7.70284009640779e+01
8.51548383959980e+01
8.73040594361709e+01
1.30537671351538e+02
5.44081992244510e+01
7.18271779614122e+01
1.30623609146694e+02
8.34610996200993e+01
8.08435505054821e+01
8.69706491919368e+01
9.25796824681911e+01
1.10993063021049e+02
5.07308357400774e+01
1.01018354247141e+02
8.43793679954486e+01
8.12959369282512e+01
9.54994218795079e+01
9.09405274222613e+01
1.09680754044070e+02
4.26281084434645e+01
9.08994456270933e+01
7.80579819953949e+01
7.04938428622204e+01
8.12574449121744e+01
6.56795365035356e+01
9.10110377043850e+01
2.51779529089482e+01
6.67473655539605e+01
5.56895426113488e+01
5.75549312839800e+01
5.76837487994018e+01
5.58990672924409e+01
4.94066690280313e+01
3.52184944485291e+01
3.55052752629518e+01
4.16494443173953e+01
3.39988130050125e+01
3.69633116624651e+01
3.10648194478771e+01
3.29555510847275e+01
-1.31625415181431e+01
2.11925907519123e+01
2.29648278568744e+01
1.85211905029767e+01
9.71742744019573e+00
9.20409602974744e+00
1.01026816806988e+01
1.15448588113148e+01
1.12088397663833e+01
1.37099479429219e+01
1.62126533874625e+01
1.85564982292005e+01
2.85191312550880e+01
3.59155910267981e+01
3.57673098545403e+01
4.96204416824021e+01
6.55589333317775e+01
5.40486897980009e+01
5.78085955194121e+01
7.25022803218237e+01
6.43134285781029e+01
5.75981508914682e+01
6.59708287405799e+01
7.74663784523912e+01
7.62920278730461e+01
7.95693098334240e+01
7.28316741007981e+01
6.79624800964453e+01
6.32076674861119e+01
7.04425477792389e+01
7.58903976279172e+01
7.31992274479817e+01
8.61501523677512e+01
6.62451360936320e+01
6.31577086918188e+01
6.39871468158418e+01
6.14423544755652e+01
6.25202360893035e+01
6.31735996031536e+01
7.03952129159415e+01
5.39409230613398e+01
4.82485576903020e+01
5.07362754031317e+01
4.57371273561253e+01
5.07016325595858e+01
4.27659373788024e+01
5.43932282794975e+01
3.75871771577815e+01
3.14004109991436e+01
3.87701455401019e+01
2.69659238712077e+01
3.43717292933192e+01
2.90526504852162e+01
3.58180718732090e+01
2.90079581327545e+01
1.95124902654060e+01
2.34754612587881e+01
1.85778296112635e+01
2.36662605327577e+01
1.71911751681785e+01
2.56699550806959e+01
1.14446839703666e+01
1.33795002222310e+01
1.32056916100970e+01
9.43247848269718e+00
9.88142562041608e+00
1.02439529921033e+01
1.02025985026257e+01
9.89131229736143e+00
1.11442983848577e+01
1.16786792375407e+01
1.32959319723536e+01
1.87960232870302e+01
1.85291151141082e+01
2.51456325762456e+01
3.13471801887821e+01
3.64587789715621e+01
3.38763614589210e+01
4.07661233579180e+01
4.03375589216247e+01
4.31844940644298e+01
3.79543892767824e+01
5.01222588636710e+01
5.43510156436005e+01
5.72605792314906e+01
4.91849712357356e+01
3.85345175510099e+01
4.75263786727660e+01
4.46326225520845e+01
5.31605736934682e+01
5.20192528783805e+01
4.97969677547032e+01
4.44554065029816e+01
4.12471888245413e+01
4.26726567363336e+01
3.93043979102119e+01
4.29027663405101e+01
3.79490660853454e+01
3.93271217154077e+01
3.02293119056032e+01
3.09932726812949e+01
3.01206047953203e+01
2.90291253105354e+01
3.23918010171245e+01
2.78370085850963e+01
2.72989731641365e+01
1.93661569851683e+01
1.93291412105946e+01
2.08042315037845e+01
1.84874022242765e+01
1.98791817923872e+01
1.83848638680888e+01
2.00173295282837e+01
1.73625483162727e+01
1.53520758560722e+01
1.39242428732860e+01
1.36610832631304e+01
1.51448159627902e+01
1.31308435978744e+01
1.38368113141956e+01
9.59748720730973e+00
9.53352652791802e+00
9.94563723545360e+00
1.07562380565150e+01
1.08271855120454e+01
1.07641493622901e+01
1.09108406480857e+01
1.05926639998090e+01
1.08911138324273e+01
1.15252094639488e+01
1.32748604293353e+01
1.25260698983299e+01
1.57897760260940e+01
1.85030628587752e+01
2.02624678362962e+01
2.42254868329560e+01
2.36654606939030e+01
2.49410683335962e+01
2.70516574307604e+01
2.78836318924210e+01
2.86209956544629e+01
3.37889341544005e+01
3.77812802802873e+01
3.19612827909357e+01
2.72028888038283e+01
2.68205945217043e+01
3.16418868532020e+01
3.28735255896671e+01
3.71626263140977e+01
3.45818139817417e+01
2.77680092310508e+01
2.92237662518476e+01
2.77118421796699e+01
2.64094303752948e+01
2.81136643309944e+01
2.64339859861130e+01
2.47764857115745e+01
2.15413489689343e+01
2.08915239955112e+01
2.05686517885545e+01
1.96404168560015e+01
2.16183174050737e+01
1.89485311478970e+01
1.88745950663475e+01
1.58484050038196e+01
1.38137445863905e+01
1.42810855448332e+01
1.36776525218235e+01
1.52114490569734e+01
1.40109024349129e+01
1.39758305784430e+01
1.29702421709202e+01
1.19393025078094e+01
1.24787118605467e+01
1.12567477089379e+01
1.26391035586716e+01
1.14533937995911e+01
1.19694234820760e+01
1.02092926098011e+01
1.06816661854071e+01
9.05558191043458e+00
1.21919135410539e+01
1.19240763728059e+01
1.20100458459825e+01
1.24185471692043e+01
1.11963031900282e+01
1.22563904775998e+01
1.36378004403296e+01
1.12212739665956e+01
1.36964751016748e+01
1.49545843576706e+01
1.54761638777313e+01
1.63781899860950e+01
1.93781938965493e+01
1.79505208540884e+01
1.89118796925633e+01
1.98886549427595e+01
2.24063255085988e+01
2.12030110246256e+01
2.52219937449149e+01
2.33335456647094e+01
2.03060283862534e+01
2.06159369321049e+01
1.98146579293125e+01
2.48885659914768e+01
2.41100597837909e+01
2.61774325491256e+01
2.18484066555372e+01
2.08797542365347e+01
2.09265731275155e+01
1.95478074446362e+01
2.09264116653333e+01
1.94394861732384e+01
1.95499348022454e+01
1.71846691858317e+01
1.80380436049106e+01
1.59652175607926e+01
1.63887713976134e+01
1.71070552525130e+01
1.55522922137945e+01
1.55640728880534e+01
1.43307683900795e+01
1.43320094901546e+01
1.26706068141380e+01
1.26427663468728e+01
1.36772407089808e+01
1.34350806804332e+01
1.25538365750001e+01
1.22314822257523e+01
1.23354843528890e+01
1.20479562526034e+01
1.14950515365800e+01
1.22020527347106e+01
1.17450347305212e+01
1.24761303443158e+01
1.11210907414831e+01
1.17683411859959e+01
1.14129116915552e+01
1.35597944178818e+01
1.31973085147203e+01
1.37448548359543e+01
1.32209316011037e+01
1.28173756228586e+01
1.50279312853569e+01
1.23698132807514e+01
1.37556965706476e+01
1.52284419320269e+01
1.50870731268076e+01
1.48115065555921e+01
1.58502637184953e+01
1.86934099239886e+01
1.56967612973055e+01
1.65765580168880e+01
1.84879637639085e+01
1.87686006816722e+01
1.86057741606025e+01
1.93149787510731e+01
1.81248971480122e+01
1.73461179292536e+01
1.74323252613482e+01
1.88994128945498e+01
2.01836092861818e+01
1.96942024857729e+01
1.93444694316413e+01
1.90697616248856e+01
1.70879586023757e+01
1.72212797932436e+01
1.79668122098013e+01
1.71970839990979e+01
1.67812072717390e+01
1.66810363148643e+01
1.67554274778843e+01
1.54292882565370e+01
1.54183048620931e+01
1.62622480038330e+01
1.53437342991406e+01
1.50930431503431e+01
1.47829767251261e+01
1.44221929097740e+01
1.41516356578379e+01
1.35159265868450e+01
1.39799790178126e+01
1.44868719724795e+01
1.29056478397432e+01
1.32392589952005e+01
1.33629857285213e+01
1.37149886537370e+01
1.24157694537729e+01
1.28951242181195e+01
1.28851191822842e+01
1.33084864753684e+01
1.28351797830645e+01
1.29395140080034e+01
1.24421707999930e+01
1.48077957808906e+01
1.48829136786138e+01
1.45155725148762e+01
1.50217254916170e+01
1.55954382919994e+01
1.37927506996190e+01
1.52664281860840e+01
1.60403529585238e+01
1.63459339859865e+01
1.56280584981731e+01
1.58491571884976e+01
1.78889165014014e+01
1.80602460232114e+01
1.54833611346218e+01
1.72026775159594e+01
1.78798750135662e+01
1.82751336550361e+01
1.72391616726261e+01
1.82408822109055e+01
1.72560104537577e+01
1.62572607321978e+01
1.86268833449602e+01
1.76405748999999e+01
1.86329227152977e+01
1.73212867884025e+01
1.90873466258179e+01
1.72037663288658e+01
1.65694232061898e+01
1.76232104687658e+01
1.68849281669337e+01
1.68369735112901e+01
1.64962292156639e+01
1.76852102597361e+01
1.57029396262967e+01
1.62720580629809e+01
1.65888140919422e+01
1.61693174779754e+01
1.63146317300185e+01
1.59508472003612e+01
1.58258458223761e+01
1.47379699873611e+01
1.54817689393129e+01
1.55376661357305e+01
1.56814662432078e+01
1.44231842231994e+01
1.43188891979206e+01
1.49871204081255e+01
1.50302441464556e+01
1.44840041867080e+01
1.41380547098685e+01
1.38594466287962e+01
1.47634833504137e+01
1.38623740057633e+01
1.48504730245685e+01
1.36225853311326e+01
1.64595975464298e+01
1.54593472853241e+01
1.63056102641038e+01
1.79818965499556e+01
1.41153715410523e+01
1.68022653589399e+01
1.77505210405339e+01
1.73045060978716e+01
1.72369883199644e+01
1.73050647166151e+01
1.87446235708422e+01
1.80525904151385e+01
1.88934612693482e+01
1.68760655374322e+01
1.79404944676680e+01
1.89034349050500e+01
1.84229264543996e+01
1.80074979978105e+01
1.86423175439433e+01
1.73087250910563e+01
1.84944940865995e+01
1.85705770294815e+01
1.81692210620265e+01
1.80632951198739e+01
1.87317851979869e+01
1.83413023023304e+01
1.79609413325440e+01
1.82988086037416e+01
1.76476369452300e+01
1.76477534545233e+01
1.78729038352356e+01
1.81784037615319e+01
1.72059045234998e+01
1.75184807544329e+01
1.79712253142322e+01
1.72528049979481e+01
1.75854922925549e+01
1.79614267492523e+01
1.73529723535537e+01
1.64329416514197e+01
1.63580403607936e+01
1.77566902928674e+01
1.76646704839580e+01
1.56681151338409e+01
1.63451307468560e+01
1.61109438225034e+01
1.66692705720107e+01
1.59919608932043e+01
1.63185057395791e+01
1.52831745028668e+01
1.56851235974254e+01
1.53813993910642e+01
1.58056233656004e+01
1.54731978986494e+01
1.68455819865033e+01
1.71179181223452e+01
1.91898112284673e+01
1.60660679483078e+01
1.69198809121068e+01
1.93209017642766e+01
1.89233715701708e+01
1.82045261356721e+01
1.91379800044466e+01
2.05773412540793e+01
1.90291076917083e+01
1.93123284415411e+01
2.08741322163769e+01
1.80832819485338e+01
1.94615329688807e+01
2.00322111718405e+01
1.97918479391379e+01
1.88692608937517e+01
1.93891415349552e+01
2.01758088776716e+01
1.90024756683070e+01
1.97237660914512e+01
1.87834035923651e+01
2.02351844581435e+01
1.86811527590011e+01
1.98452665859664e+01
2.02784838213021e+01
1.90100362527791e+01
1.87845989618045e+01
1.93173867914228e+01
1.99651833221699e+01
1.79284887316449e+01
1.94012876208175e+01
1.95814985624771e+01
1.88714221257732e+01
1.87699449767781e+01
1.95322491843348e+01
1.95595648050827e+01
1.79673354782859e+01
1.82269124678488e+01
1.86721715762430e+01
2.00821007275399e+01
1.75283760720154e+01
1.77977258602116e+01
1.82401274519124e+01
1.76305968195949e+01
1.77012910830456e+01
1.77664743262671e+01
1.74842529782904e+01
1.70880865419289e+01
1.62242597434871e+01
1.73586398893351e+01
1.62328329019658e+01
1.84252797461911e+01
1.98757775947082e+01
1.70192644600616e+01
1.90352932325670e+01
1.92498375210994e+01
2.03385343107028e+01
1.97230163283541e+01
2.01202004984538e+01
2.25049653063743e+01
2.07873878979759e+01
2.03712560542430e+01
2.13122758665736e+01
2.24908856030072e+01
1.96652647343916e+01
2.08867810250088e+01
2.17247410080347e+01
2.08021428090031e+01
1.97679999063844e+01
2.25947330795629e+01
2.09442209495877e+01
2.03893341732854e+01
2.06595286357387e+01
2.14125203656032e+01
2.03858911087049e+01
2.05395445477665e+01
2.25335675486772e+01
2.11620808257359e+01
2.03442843369566e+01
2.06640973248252e+01
2.15608558911548e+01
1.97632161368551e+01
2.01751079256346e+01
2.15990763029198e+01
2.06672411087120e+01
2.03077204921293e+01
2.08149191349504e+01
2.11442234777295e+01
2.01532648048423e+01
1.96829157156891e+01
2.06454051363436e+01
2.10770060267831e+01
1.96835812023611e+01
1.97391349824103e+01
1.96269256407606e+01
1.97183466043260e+01
1.86212938537718e+01
1.93757149694939e+01
1.89024123808202e+01
1.92284431898047e+01
1.75096927322322e+01
1.80993267054866e+01
1.76514049458216e+01
2.11992130188532e+01
1.74617668349384e+01
1.99612680861686e+01
2.14221560817653e+01
2.00194197208975e+01
2.09997880457244e+01
2.16193186852950e+01
2.33790611062773e+01
2.25410570673362e+01
2.21665312274141e+01
2.23173647207525e+01
2.29102171757027e+01
2.43083389431072e+01
2.11122324911025e+01
2.25655756625394e+01
2.28101568727350e+01
2.17346899226439e+01
2.29497258695589e+01
2.34561222284386e+01
2.24763839200789e+01
2.14802188262978e+01
2.35028784723321e+01
2.16615264012263e+01
2.23781251154252e+01
2.33193534679448e+01
2.34729744492088e+01
2.25321538069094e+01
2.23574955177774e+01
2.29161421394064e+01
2.13245005081822e+01
2.21124167442683e+01
2.23294222092790e+01
2.26742419024772e+01
2.21133471202131e+01
2.23571963492526e+01
2.23785155115326e+01
2.16748103995613e+01
2.18590432994594e+01
2.20680787040239e+01
2.32092236627029e+01
2.05114938249480e+01
2.19240280735291e+01
2.15062670181554e+01
2.09890849142416e+01
2.07736244789612e+01
2.01246011509846e+01
2.04321024338400e+01
2.05721318013817e+01
1.94450866297773e+01
1.93395848454626e+01
1.82282679067357e+01
1.84261800265637e+01
2.02326731867145e+01
2.22451862757186e+01
2.20288685720572e+01
2.04442272616559e+01
2.28374812171972e+01
2.48321757442550e+01
2.32354605325010e+01
2.39305165996023e+01
2.41103682107960e+01
2.38673471997708e+01
2.45761086695026e+01
2.59789553844473e+01
2.27158116013171e+01
2.35789549741647e+01
2.38139091660459e+01
2.50428076993282e+01
2.37586256688722e+01
2.50746947995668e+01
2.36557369754739e+01
2.43903620000755e+01
2.36832775542538e+01
2.37118527568562e+01
2.52756758373107e+01
2.42319125639781e+01
2.48901524087985e+01
2.46153545576675e+01
2.47106943709675e+01
2.25781184411874e+01
2.37519409687148e+01
2.43294373974757e+01
2.33385700101689e+01
2.40409880916775e+01
2.42774185448250e+01
2.38822555286833e+01
2.28302269962627e+01
2.33821151138555e+01
2.43095314776065e+01
2.46566090089226e+01
2.24679299194062e+01
2.28155060062612e+01
2.36557205960958e+01
2.27669201144641e+01
2.21240847376396e+01
2.22217283062029e+01
2.10834712129338e+01
2.20317390533074e+01
2.06563568057943e+01
2.12710703107583e+01
1.93091112696314e+01
2.11662598566515e+01
2.23731722002454e+01
2.26791493186259e+01
2.23173623135130e+01
2.21106297798324e+01
2.59643270372716e+01
2.44975853106432e+01
2.45729901225923e+01
2.58266561030253e+01
2.56547263238449e+01
2.54085730441921e+01
2.61321728844855e+01
2.77442576842771e+01
2.35984576812426e+01
2.45436216152823e+01
2.72102757425954e+01
2.58373221329776e+01
2.52629273389671e+01
2.62448422383216e+01
2.67084779803569e+01
2.45123224174401e+01
2.57151036754444e+01
2.66532486538504e+01
2.61367729960239e+01
2.55835868661179e+01
2.70625934333184e+01
2.70009631619864e+01
2.42750370750086e+01
2.49632014133983e+01
2.59714998633349e+01
2.53395847960506e+01
2.45300611498461e+01
2.62287751778754e+01
2.58195948431677e+01
2.42277067197580e+01
2.44558770066538e+01
2.58214562948280e+01
2.70524819549971e+01
2.36684156836966e+01
2.48638652678853e+01
2.44513538066468e+01
2.48145961224128e+01
2.39006303135319e+01
2.34438332832225e+01
2.31735736671270e+01
2.25230610276382e+01
2.19545240603663e+01
2.24193595593260e+01
2.10401979013892e+01
2.32606352447570e+01
2.26524200290122e+01
2.28604683885096e+01
2.40122427154380e+01
2.49678357392658e+01
2.54405808294267e+01
2.57784958347905e+01
2.63462422968470e+01
2.73247089116653e+01
2.71394556771588e+01
2.68792074903956e+01
2.76796269214066e+01
2.86640007223648e+01
2.43545295318312e+01
2.78119592378060e+01
2.79343691694477e+01
2.73271982067173e+01
2.63514501618557e+01
2.93930669697053e+01
2.67308460704196e+01
2.64753253811713e+01
2.87154798900161e+01
2.74582405615155e+01
2.74423242299155e+01
2.76975670572697e+01
2.94675316695367e+01
2.64056787223569e+01
2.66178304509462e+01
2.71129606342088e+01
2.69345339685092e+01
2.64400566795707e+01
2.66108928967031e+01
2.76836611234463e+01
2.61236398850492e+01
2.57230707782110e+01
2.68237233161675e+01
2.86186111912857e+01
2.57954350836618e+01
2.59950942324237e+01
2.64431296774164e+01
2.54881207953846e+01
2.58909555959686e+01
2.50907855434062e+01
2.43242727913310e+01
2.45730409913365e+01
2.22785397466533e+01
2.36273413380991e+01
2.20171745377985e+01
2.33912350329763e+01
2.26867536703851e+01
2.44577991368411e+01
2.68900426795023e+01
2.42670502772236e+01
2.66420240229289e+01
2.74544087979547e+01
2.77455340579887e+01
2.87228501522178e+01
2.85898371202007e+01
2.83034542381415e+01
2.84672929640451e+01
2.94597750845967e+01
2.74673804813401e+01
2.84237030505071e+01
2.94324463058312e+01
2.83926753242456e+01
2.93778563934916e+01
2.92902931623162e+01
2.87216243186986e+01
2.94557458645729e+01
2.94285835414263e+01
2.87137274800095e+01
2.95559558683005e+01
3.00088033918602e+01
2.87356463429326e+01
2.87801718962171e+01
2.87945250429417e+01
2.79886357583303e+01
2.79686579242329e+01
2.85486073765064e+01
2.79559117864016e+01
2.78865066842331e+01
2.76365323563601e+01
2.80472117227319e+01
2.96186913084755e+01
2.71688711937571e+01
2.81834824557990e+01
2.74627298705278e+01
2.74102174314976e+01
2.66210723414757e+01
2.69663017443016e+01
2.58789978178728e+01
2.56550839003319e+01
2.41564218066836e+01
2.38326471114660e+01
2.30413143442508e+01
2.32758364494315e+01
2.41376023989263e+01
2.71576186939121e+01
2.59636770747665e+01
2.52599306209107e+01
2.81993866687951e+01
2.87825021240512e+01
2.90111900830616e+01
3.01211742118781e+01
2.99687227947492e+01
2.89710692588852e+01
2.92348276153160e+01
3.30220620044394e+01
2.80238068017914e+01
2.98338996458451e+01
3.04793557673618e+01
3.15338370696796e+01
2.91701550872602e+01
3.12995296769148e+01
3.17975992724774e+01
3.01298695683268e+01
3.06133996612787e+01
3.08032934933244e+01
3.18607735668511e+01
2.91846215807770e+01
3.12121766465025e+01
3.09634796505955e+01
2.96862629553484e+01
2.89015317816372e+01
3.01078625333163e+01
2.98868660057002e+01
2.80533079586845e+01
2.93554076284055e+01
3.00089251587192e+01
3.08790640827728e+01
2.80013579524540e+01
2.96133444888312e+01
2.96269559310613e+01
2.82924963425784e+01
2.86171096166888e+01
2.75643633269849e+01
2.76944353206933e+01
2.71344046166799e+01
2.51194310007719e+01
2.57175491075376e+01
2.30996945650391e+01
2.46728317488418e+01
2.66492298042418e+01
2.61096326884540e+01
2.69231862548733e+01
2.66312674521393e+01
2.94373621655176e+01
2.99386290355160e+01
3.03100306604223e+01
3.13780334481672e+01
3.05468847905216e+01
2.96271224057329e+01
3.25820227926068e+01
3.35633379088120e+01
2.92638497494364e+01
3.07834538711558e+01
3.36662648384611e+01
3.12203353124011e+01
3.10245612239985e+01
3.44472260834366e+01
3.24033209224727e+01
3.12315581612530e+01
3.26759570463081e+01
3.30710329887589e+01
3.09077311435787e+01
3.15857303565002e+01
3.34096058309370e+01
3.17975744059385e+01
3.04606741490634e+01
3.09803336382038e+01
3.13775202313625e+01
2.99061575307019e+01
2.93664044089211e+01
3.16846613105402e+01
3.29765895947808e+01
2.90262403821265e+01
3.03951602429168e+01
3.09582718822823e+01
3.03755972040357e+01
2.94131856281799e+01
2.94408601727265e+01
2.82331940105954e+01
2.88431957385288e+01
2.64110666291886e+01
2.65894896286429e+01
2.48011135398696e+01
2.71108007304892e+01
2.55024205264160e+01
2.70100448461969e+01
2.82593355049098e+01
2.76733654082789e+01
3.04714513157123e+01
3.11586444833673e+01
3.14121859227699e+01
3.18587790550051e+01
3.10859780010241e+01
3.28698446559932e+01
3.29555771125350e+01
3.49172293997437e+01
3.00867405592390e+01
3.38393573178514e+01
3.32350866190975e+01
3.30431752478182e+01
3.40220612575100e+01
3.49225146040132e+01
3.34725221645274e+01
3.32293832271888e+01
3.49206716095996e+01
3.20198830525074e+01
3.33077831751440e+01
3.36886158411059e+01
3.41754942619073e+01
3.24749539605233e+01
3.25093746748345e+01
3.21417884448338e+01
3.13175646729009e+01
3.11510941256727e+01
3.15645364724229e+01
3.46715731551838e+01
3.09040730095153e+01
3.13575176950548e+01
3.16184977564802e+01
3.16048933698351e+01
3.14894370396562e+01
3.00821658774009e+01
3.00231432876784e+01
2.92845812204963e+01
2.78991683036936e+01
2.78026843423127e+01
2.55141832949001e+01
2.58106319567373e+01
2.62698418975459e+01
2.82038516538369e+01
2.92409489400003e+01
2.85286690565651e+01
3.15966891822448e+01
3.21504528392697e+01
3.17862345982711e+01
3.23734609830988e+01
3.43919114660987e+01
3.31492968517211e+01
3.42011044634414e+01
3.57890379022146e+01
3.30383497833428e+01
3.33178431978961e+01
3.50740992714934e+01
3.61244431105777e+01
3.44054324099847e+01
3.59627234336471e+01
3.54945150073522e+01
3.54491557308177e+01
3.37298433787085e+01
3.43948057862219e+01
3.53884208579398e+01
3.43749092621294e+01
3.48055861794268e+01
3.45411620306854e+01
3.37011019824279e+01
3.19958587088967e+01
3.25477324396078e+01
3.33679955372128e+01
3.44602932446206e+01
3.24012507552318e+01
3.33232792646324e+01
3.25117332869489e+01
3.21536425037816e+01
3.27722019463961e+01
3.20519261364003e+01
3.05659204586165e+01
3.10423550211555e+01
2.82565305891626e+01
2.92613312152512e+01
2.65514392682070e+01
2.64803331591945e+01
2.73113928609087e+01
2.90891901566230e+01
3.00205101157209e+01
2.94901315741500e+01
3.24703372001008e+01
3.24202785607511e+01
3.22545097226888e+01
3.56730465508858e+01
3.45995142909004e+01
3.42870186867462e+01
3.49876805027968e+01
3.91596062243966e+01
3.24577805390945e+01
3.50482490882114e+01
3.81976603555669e+01
3.64607872103073e+01
3.53176442824549e+01
3.79961513688316e+01
3.77321119205631e+01
3.41916124489135e+01
3.60826023006719e+01
3.64300877800727e+01
3.60163117242813e+01
3.48933680587079e+01
3.69343129489164e+01
3.56816841894964e+01
3.34839983836714e+01
3.31313741190620e+01
3.47387391343537e+01
3.63752079613478e+01
3.20756571020660e+01
3.48148754499588e+01
3.44347858558881e+01
3.29378914142042e+01
3.32973279381078e+01
3.32025716753544e+01
3.24866829826307e+01
3.14481376511813e+01
2.98473207895857e+01
2.95292238220753e+01
2.78259119964873e+01
2.74451678072625e+01
2.80795361484275e+01
2.97477875639073e+01
3.09324024363710e+01
3.02255973736472e+01
3.26335651504417e+01
3.28152297973707e+01
3.54145752078231e+01
3.57440195762467e+01
3.56612858946067e+01
3.49833943713198e+01
3.80937937559249e+01
3.83737116474655e+01
3.39600386094464e+01
3.80368233251594e+01
3.84251374284659e+01
3.73098935989696e+01
3.72048223172161e+01
4.01850988864487e+01
3.63153816372746e+01
3.64529006377850e+01
3.80777359569197e+01
3.69998908290925e+01
3.64405516569880e+01
3.69498354231641e+01
3.79940017492497e+01
3.53586428212166e+01
3.44683480104198e+01
3.52225157136120e+01
3.77713150288741e+01
3.37433739148582e+01
3.43561863208609e+01
3.57970142255012e+01
3.47877185623934e+01
3.39863841683135e+01
3.35849784939349e+01
3.35435066130213e+01
3.32835226715584e+01
3.00969476388459e+01
3.10461639507730e+01
2.79756222827505e+01
2.81235174992175e+01
2.86136595421328e+01
3.05562499362151e+01
3.15682954266218e+01
3.02619208450521e+01
3.29461105851077e+01
3.58895205270345e+01
3.53688219386647e+01
3.67505174853240e+01
3.63149203277059e+01
3.79857532290463e+01
3.72323790244010e+01
4.00234419913579e+01
3.67983124126680e+01
3.81515466886454e+01
3.92458275749381e+01
3.91850397676381e+01
3.92594265481459e+01
3.85995355223365e+01
3.86155931775649e+01
3.84033082247533e+01
3.85755413295786e+01
3.73337319409989e+01
3.84848139553034e+01
3.79177534932944e+01
3.75782301035716e+01
3.62854172229059e+01
3.65718959729556e+01
3.82016350488873e+01
3.49719087614220e+01
3.60373165688733e+01
3.52266565876685e+01
3.60412716618956e+01
3.58816079384885e+01
3.41561575527405e+01
3.38244706677782e+01
3.42767707748934e+01
3.17327030739522e+01
3.12018971388216e+01
2.93073547547836e+01
2.85680628500095e+01
2.93074320537137e+01
3.10488009475572e+01
3.15062423300796e+01
3.03467389353227e+01
3.59013608961018e+01
3.57552981241401e+01
3.62869981306925e+01
3.73631574072228e+01
3.93575604690951e+01
3.70445849911713e+01
3.87890901085819e+01
4.32498974173108e+01
3.68999049210425e+01
3.88862544902120e+01
4.11257399090830e+01
4.12772388029946e+01
3.76433660408201e+01
4.09597072783800e+01
4.05723018279499e+01
3.88815393468906e+01
3.88073234277722e+01
3.93472875581922e+01
3.93904839440188e+01
3.74263649083425e+01
3.85119978165575e+01
3.83856813673653e+01
3.96763735830877e+01
3.52989114909408e+01
3.72918248890023e+01
3.68717148674496e+01
3.53638523481337e+01
3.71493047748890e+01
3.59425411686385e+01
3.43404099094264e+01
3.44669293906223e+01
3.26124938932473e+01
3.28142212494779e+01
2.93498006296387e+01
2.91869311969002e+01
2.97083712793221e+01
3.09129987438642e+01
3.15244629418122e+01
3.30986515418918e+01
3.56831514529082e+01
3.65977602667225e+01
3.68337670973842e+01
4.03365921920820e+01
3.82957467415342e+01
3.84796305389845e+01
4.17789490137119e+01
4.32747622930754e+01
3.74722939263178e+01
4.06519902969841e+01
4.31694324611796e+01
3.95249521227539e+01
3.98350836662584e+01
4.28729929405219e+01
4.09897928710430e+01
3.90010497002289e+01
4.07875552754553e+01
4.01868120966245e+01
3.88165731293678e+01
3.82755802061227e+01
4.06053095590127e+01
4.15552360784392e+01
3.65200202929358e+01
3.75324327883900e+01
3.80224578692536e+01
3.69277482629297e+01
3.63683749263155e+01
3.70616862187843e+01
3.60654057215215e+01
3.48517233983214e+01
3.26988188671617e+01
3.35988661510544e+01
3.07738984781553e+01
2.95144823740892e+01
2.94963745673923e+01
3.09501496891154e+01
3.43264932648423e+01
3.28110474946186e+01
3.64394386004238e+01
3.70622647561789e+01
3.96339534608558e+01
3.91500832057593e+01
3.96660902586610e+01
4.13537078241982e+01
4.16651784388676e+01
4.38463722146145e+01
3.90509775869071e+01
4.25418926828027e+01
4.12714228399303e+01
4.16961733445792e+01
4.16146010040034e+01
4.31725891725285e+01
4.10177352215575e+01
4.09153077068301e+01
4.15524995327280e+01
3.95423154944996e+01
3.95953824773296e+01
4.02718180875845e+01
4.38423560055598e+01
3.81555051916271e+01
3.86987181526494e+01
3.81462085610526e+01
3.79875311206832e+01
3.78948836080064e+01
3.61757481847270e+01
3.70552010684249e+01
3.65162711570639e+01
3.29445715261047e+01
3.35787238150094e+01
3.14115792061708e+01
2.92203932584819e+01
2.94299611050507e+01
3.35434320164535e+01
3.39096982722845e+01
3.33550305358385e+01
3.68173597380459e+01
3.97779835917148e+01
3.83877689258691e+01
4.05018580331315e+01
4.25567784811533e+01
4.11707789748216e+01
4.21714594385965e+01
4.55903245250983e+01
4.08764580120369e+01
4.06137610354513e+01
4.34864033909772e+01
4.34816663434634e+01
4.18495294627542e+01
4.31346542355300e+01
4.29558681028311e+01
4.16635758442572e+01
4.08242264623092e+01
4.02525077225630e+01
4.15550010178220e+01
4.34114711384613e+01
4.02246546462985e+01
4.03501974170689e+01
3.93298961840232e+01
3.80234216332652e+01
3.89875106124329e+01
3.75982229183305e+01
3.61083025641829e+01
3.74473822959777e+01
3.44483735014838e+01
3.37753372835003e+01
3.13045145714160e+01
2.90351305621610e+01
3.18133059071797e+01
3.30514228053816e+01
3.43799286821968e+01
3.36853901517431e+01
3.94202841091711e+01
3.84592690459948e+01
3.96611083286155e+01
4.33377142036956e+01
4.23186673575937e+01
4.15800436057066e+01
4.37892576610632e+01
4.76231182367140e+01
3.89812217353855e+01
4.27255614148282e+01
4.52329133321205e+01
4.36884743332777e+01
4.17117446817428e+01
4.50850815910152e+01
4.36518333562275e+01
4.08838609907553e+01
4.14507006011834e+01
4.21569927761150e+01
4.47289357979786e+01
3.97431940211376e+01
4.24699542914400e+01
4.09071356615758e+01
3.91411511806231e+01
3.89843080326821e+01
3.85686996964905e+01
3.74830933266507e+01
3.63824442350493e+01
3.52499406125594e+01
3.52334103173969e+01
3.14097118932130e+01
3.13715002544525e+01
3.13035975996202e+01
3.34822542773378e+01
3.46931728529692e+01
3.60355917391935e+01
3.80468647042120e+01
3.96465604103904e+01
4.23390236898325e+01
4.29775900727536e+01
4.26394674999415e+01
4.30848066064742e+01
4.55806450776565e+01
4.53473813340510e+01
4.08314197190036e+01
4.43359487682599e+01
4.53399942627913e+01
4.34383668791617e+01
4.35242406528554e+01
4.56525483420942e+01
4.27626196583835e+01
4.13972796117526e+01
4.33016519917222e+01
4.53179289785972e+01
4.08872201934104e+01
4.19129722156687e+01
4.29091713515973e+01
4.06219087231251e+01
3.99713149525552e+01
3.84548217311433e+01
3.83543218610809e+01
3.76636687971694e+01
3.41586874821678e+01
3.59227997094168e+01
3.26896171332679e+01
3.08013773978084e+01
3.16377472508852e+01
3.37118239693354e+01
3.70087886295420e+01
3.46663326985589e+01
3.91352597924115e+01
4.22370054993933e+01
4.18899689426744e+01
4.32489284982816e+01
4.40977415109936e+01
4.47770125513110e+01
4.33282012160817e+01
4.74047322334111e+01
4.23378595634669e+01
4.43505939841726e+01
4.50244755820793e+01
4.52368760838221e+01
4.40204114329165e+01
4.46589439487894e+01
4.32263330827673e+01
4.32033645023843e+01
4.64818638330668e+01
4.13624374083569e+01
4.30273600610629e+01
4.22613142283866e+01
4.25268307555535e+01
4.14318575215827e+01
3.93704693576453e+01
3.81509981626850e+01
3.84832437100649e+01
3.52718833277086e+01
3.47498402097459e+01
3.32409082359685e+01
3.10346277987237e+01
3.17826398250308e+01
3.58425565912638e+01
3.55064274218176e+01
3.55779636699709e+01
4.16108619261852e+01
4.17156742168757e+01
4.21031113935470e+01
4.46696558436135e+01
4.57902064655665e+01
4.25064061601090e+01
4.52889326712120e+01
4.90669956643035e+01
4.23727242143710e+01
4.39809916752685e+01
4.68340458489204e+01
4.57170517753003e+01
4.30011184004168e+01
4.51039626492658e+01
4.50331041934602e+01
4.63697470842575e+01
4.23701475088259e+01
4.34589470942276e+01
4.32988954556197e+01
4.18055847914278e+01
4.33944723345331e+01
4.07140988910006e+01
3.90774916069941e+01
3.82146471821102e+01
3.59909756094524e+01
3.58354813758938e+01
3.20857937105917e+01
3.11484792304460e+01
3.37485053259925e+01
3.43471475738756e+01
3.64069685622943e+01
3.77912563858045e+01
4.10282864858954e+01
4.18590822303624e+01
4.34293666053763e+01
4.62561603921383e+01
4.34042215533391e+01
4.43391663904379e+01
4.67693212258890e+01
4.90386827063112e+01
4.18862267873438e+01
4.56850047215497e+01
4.72109465830695e+01
4.46118335141812e+01
4.33407461212749e+01
4.68520573747493e+01
4.82615633929798e+01
4.21691400216647e+01
4.44129314831351e+01
4.36552499110111e+01
4.27645307658282e+01
4.26242331868659e+01
4.25289210779100e+01
4.03410227705739e+01
3.90077453391165e+01
3.56686443242544e+01
3.64649006143501e+01
3.30270393207134e+01
3.30329264231187e+01
3.22945494425592e+01
3.51791296638494e+01
3.85952449370949e+01
3.72292843753387e+01
4.11015545755876e+01
4.31023873235257e+01
4.48644092152472e+01
4.37693380709774e+01
4.51737894856805e+01
4.57211397260039e+01
4.66176096205394e+01
4.83901205423866e+01
4.34035128966123e+01
4.59524586426335e+01
4.60070708091672e+01
4.48516686516491e+01
4.49644469931626e+01
5.00925520721180e+01
4.38169671017819e+01
4.41394343328054e+01
4.45296501144108e+01
4.30516350763423e+01
4.35555067411757e+01
4.16929841211222e+01
4.20249944972357e+01
4.01911805909543e+01
3.62933506221623e+01
3.60518366410618e+01
3.35348867332326e+01
3.15348840814428e+01
3.29923730264861e+01
3.72056432134890e+01
3.79360666000427e+01
3.71937840133944e+01
4.22497651508916e+01
4.44486806433291e+01
4.23902961235936e+01
4.55319940593611e+01
4.65358796008127e+01
4.55228612564370e+01
4.59707038980576e+01
5.00712489578015e+01
4.36960500769763e+01
4.47277536013332e+01
4.62294286789149e+01
4.64743877057710e+01
4.80336715415971e+01
4.54751239940295e+01
4.58122959295426e+01
4.42386887226155e+01
4.38512127726221e+01
4.38111178433769e+01
4.25189298624778e+01
4.11403784137226e+01
4.18383499400529e+01
3.73304848111011e+01
3.67012739076236e+01
3.30906021078951e+01
3.21593527281252e+01
3.48461180284326e+01
3.64843439786069e+01
3.78462464610803e+01
3.81799491581892e+01
4.34977839737534e+01
4.19485630991609e+01
4.40688827171536e+01
4.68178069715861e+01
4.63029262846321e+01
4.48119303953438e+01
4.75436182984284e+01
5.03427802470612e+01
4.24984953435804e+01
4.49012884335713e+01
4.78084702311249e+01
4.96291136645235e+01
4.35241226928932e+01
4.74638094894427e+01
4.58370701358457e+01
4.35136595682863e+01
4.45719251166883e+01
4.26914120643267e+01
4.18925221421713e+01
4.08876324434213e+01
3.88186121057658e+01
3.76822243445942e+01
3.36482159534048e+01
3.39261758561759e+01
3.41393206509438e+01
3.63743194853790e+01
3.88116314594845e+01
3.93082218913985e+01
4.10031541785131e+01
4.35453741411814e+01
4.52364923920960e+01
4.64807873660741e+01
4.54862891364234e+01
4.62802207579597e+01
4.76676745900864e+01
4.89034224248611e+01
4.24963443050147e+01
4.63481722045915e+01
5.09571836780248e+01
4.48927467263401e+01
4.53738521884523e+01
4.73504824734115e+01
4.50165278675291e+01
4.41435259574653e+01
4.33505423781793e+01
4.20065309398769e+01
4.15748437730020e+01
3.78875038588878e+01
3.90724701407095e+01
3.44854876647361e+01
3.32003166213732e+01
3.39726912360469e+01
3.72535273029817e+01
3.98799841286831e+01
3.69642318372284e+01
4.25004125302403e+01
4.46309072217532e+01
4.48264211159578e+01
4.56187338687666e+01
4.69157037486197e+01
4.63556128402015e+01
4.62331771480309e+01
4.88268005884036e+01
4.38480871017930e+01
4.93250481009970e+01
4.60675077894892e+01
4.67194803432234e+01
4.52210974927744e+01
4.64347434399246e+01
4.56315699942485e+01
4.28876291548344e+01
4.25920001543199e+01
4.16294457405328e+01
3.84603092801930e+01
3.80747109834982e+01
3.56916102682517e+01
3.29732835856880e+01
3.47316098829830e+01
3.81748694631829e+01
3.74255996753227e+01
3.82285510074605e+01
4.34964023898712e+01
4.41694959857392e+01
4.39542104868614e+01
4.70243983565049e+01
4.69745158278813e+01
4.49102784342523e+01
4.61787205804555e+01
5.03167491962485e+01
4.67080343610626e+01
4.45641739022104e+01
4.79011188439820e+01
4.65361939497458e+01
4.42897521288841e+01
4.70847320903806e+01
4.42624904727088e+01
4.21342139380121e+01
4.21541986306364e+01
3.84567743925267e+01
3.85906665084830e+01
3.47227475567144e+01
3.36676578497220e+01
3.55641279744759e+01
3.57961344206226e+01
3.86832662168764e+01
3.91179901697834e+01
4.29940051359109e+01
4.32551561603455e+01
4.52769844752106e+01
4.69805451426607e+01
4.54539660227441e+01
4.47843245395559e+01
4.75052887439342e+01
5.35461620916290e+01
4.20882967127588e+01
4.62827622079589e+01
4.76061581553063e+01
4.55326859291108e+01
4.48506788555138e+01
4.55719551614261e+01
4.34285665700384e+01
4.16143613487443e+01
3.88755745835075e+01
3.85317178546231e+01
3.51433304045180e+01
3.44528754981326e+01
3.33163933035475e+01
3.69867933051497e+01
3.95334181635529e+01
3.86468089745598e+01
4.20500677455874e+01
4.45030153180917e+01
4.51489398130867e+01
4.53901202257593e+01
4.52394643053944e+01
4.60223252545351e+01
5.04346841344328e+01
4.81860037857456e+01
4.36132819856925e+01
4.59113028272082e+01
4.65160321608239e+01
4.60281015923666e+01
4.33566419632825e+01
4.46009973134578e+01
4.28344283835656e+01
3.83133048855365e+01
3.88944793509742e+01
3.50410091909923e+01
3.22181434000094e+01
3.43546566963986e+01
3.77232850927551e+01
3.89850912425417e+01
3.77011253125849e+01
4.32109488064493e+01
4.43202196594070e+01
4.35636742736730e+01
4.51736568331545e+01
4.64651238673431e+01
4.88236875657365e+01
4.53673420243899e+01
4.98768907511792e+01
4.33062895800637e+01
4.48061922728302e+01
4.70325879825783e+01
4.44471365631024e+01
4.24038521136034e+01
4.39780572657008e+01
3.93923599648159e+01
3.83252117164549e+01
3.53254137547810e+01
3.31689185738541e+01
3.50036330149025e+01
3.71271478969467e+01
3.79860708389034e+01
3.87124046220734e+01
4.29818000857675e+01
4.27224374612499e+01
4.33441134983827e+01
4.63356122119798e+01
4.92718053858327e+01
4.38568885048732e+01
4.69573065748368e+01
4.94726041162428e+01
4.22384391370805e+01
4.52952292698843e+01
4.53399936042991e+01
4.34556066258033e+01
4.17453202359065e+01
4.04065715941063e+01
3.93504794709370e+01
3.47730161143743e+01
3.37746512401698e+01
3.44320188347896e+01
3.61649925859112e+01
3.89901210581030e+01
3.85179108898185e+01
4.13921220022919e+01
4.24597543522002e+01
4.44019375568835e+01
4.90380188180528e+01
4.41711660478475e+01
4.53436766616973e+01
4.64567125964353e+01
4.81996645638309e+01
4.25540931068272e+01
4.35972920543187e+01
4.42446321045278e+01
4.27105917423890e+01
3.83063086994968e+01
4.02618059633949e+01
3.56547767939762e+01
3.31964047235315e+01
3.34878485275890e+01
3.70877702652122e+01
3.87327839267083e+01
3.70192612322001e+01
4.10904454449873e+01
4.34429541606601e+01
4.69141215761395e+01
4.39251946002411e+01
4.56309928996280e+01
4.48242429529611e+01
4.51941943705909e+01
4.85121652117493e+01
4.09440529075664e+01
4.24762409250875e+01
4.34630526082907e+01
3.91291309112693e+01
3.81404465416587e+01
3.64278516891626e+01
3.22289946747241e+01
3.42933227751235e+01
3.67593893818573e+01
3.71604415298729e+01
3.66790679616155e+01
4.19932222779010e+01
4.58566186815548e+01
4.19915577821717e+01
4.53734280538072e+01
4.50947640346754e+01
4.35626834327672e+01
4.55287560180923e+01
4.66240811680287e+01
3.99330752180015e+01
4.16986592334428e+01
3.97932251465811e+01
3.89461274946860e+01
3.44700366561963e+01
3.29780660869702e+01
3.39755736846724e+01
3.52413221701165e+01
3.68109574230387e+01
3.75049024415552e+01
4.42857989782502e+01
4.10102982155670e+01
4.33618938907324e+01
4.47504247405444e+01
4.37817093450116e+01
4.38341830861041e+01
4.36842389633245e+01
4.54347361237184e+01
3.91049829483164e+01
3.81448161521903e+01
3.95289516648019e+01
3.51676765525879e+01
3.26602760810496e+01
3.25485752109906e+01
3.49095436468811e+01
3.76135652438055e+01
3.95298544523556e+01
3.95704292332516e+01
4.23042293015647e+01
4.26920701083210e+01
4.33875693589012e+01
4.39839430233014e+01
4.20174405407512e+01
4.24756428259610e+01
4.44407016813259e+01
3.56918734998138e+01
3.78295575519984e+01
3.56467480988286e+01
3.12425611194852e+01
3.21849986149487e+01
3.56045696165517e+01
3.95741637583127e+01
3.52015155311068e+01
4.07765592833194e+01
4.16055064382442e+01
4.13419542307992e+01
4.36026915908699e+01
4.21319999894796e+01
4.08298078426170e+01
4.15382232635875e+01
4.05195284819118e+01
3.54367273520537e+01
3.40745750447158e+01
3.08525197203536e+01
3.27996704574107e+01
3.74008525648501e+01
3.51882929548288e+01
3.62907577769224e+01
4.00626652747506e+01
4.02531516630231e+01
4.15520943934337e+01
4.17104796292571e+01
4.09358514808085e+01
3.98798846984548e+01
3.78709903113000e+01
4.01955384934679e+01
3.19068268505988e+01
3.14371246565739e+01
3.44459468852848e+01
3.32684778742844e+01
3.62920079799514e+01
3.56615173765522e+01
3.87260916344406e+01
4.04300957536266e+01
3.96991766298461e+01
4.04572651035384e+01
3.99194113636308e+01
3.63199708462894e+01
3.74806997996682e+01
3.61565494243033e+01
3.29902261838256e+01
3.06041004682173e+01
3.42766762729565e+01
3.56090581970483e+01
3.44243959536143e+01
3.88673949563108e+01
3.85874319404352e+01
3.84489786002501e+01
3.94328760837690e+01
3.63161102768231e+01
3.59232618304588e+01
3.36663934787078e+01
2.92492085271767e+01
3.14894386144075e+01
3.35651646357070e+01
3.43249115626814e+01
3.44818658971905e+01
3.70595651656330e+01
3.73376864227360e+01
3.74557023911829e+01
3.58664160420971e+01
3.59141200923356e+01
3.22395583450726e+01
3.00932165340180e+01
3.08279701766521e+01
3.23274318038633e+01
3.43803825086887e+01
3.28705054016222e+01
3.58285493207669e+01
3.63441149643632e+01
3.40559130076532e+01
3.54061248268494e+01
3.22055560384270e+01
2.94505485453397e+01
2.96727035754381e+01
3.23954072912289e+01
3.27413737571212e+01
3.17902840389114e+01
3.48465525982849e+01
3.30168619607373e+01
3.35666372998079e+01
3.17100237314920e+01
2.83160399116315e+01
2.96914881089914e+01
3.08082766405695e+01
3.16261776926927e+01
3.08504981098912e+01
3.16291972037432e+01
3.25126793593308e+01
3.00288256683668e+01
2.82984863384577e+01
2.82191876983138e+01
2.97052407450773e+01
3.06654152063206e+01
2.79842687050255e+01
3.11198444637648e+01
2.90617338267830e+01
2.68819923471847e+01
2.72037332697984e+01
2.88057733887508e+01
2.78144716532650e+01
2.75417960430612e+01
2.77945260636887e+01
2.59094218166830e+01
2.63504584018644e+01
2.61154998051129e+01
2.73385884495336e+01
2.45759209108905e+01
2.50607958371436e+01
2.38618459172643e+01
2.56226245945963e+01
2.43654504138799e+01
2.26805925113077e+01
2.34085440027727e+01
2.28155365284475e+01
2.22446448499335e+01
2.08333752674641e+01
1.97814874941463e+01
